$ANSIBLE_VAULT;1.1;AES256
30393834616433633037373636663665363336343736393461646432623934623439636335646263
6234376331393962646632303538313865633864663036380a633237366337616263626235666363
64316232326161643965343966313839346465356634383164386530613966306563343837353531
6134353032303064330a613330356565363262383266363533666530383735326463343639623231
65376638393665643862636230363964643837376439333130653632633834303635323265666365
63623964623637363734393530656130373639313936623031623830626338303033653264663234
66313531386438643531646634643261383033336664616637623665613565376132383164646239
31373563366538643533643430353637636539656237336461346638643333633537356561303463
61623331636365633663353533383933303233383737386534663666373064336265646530353138
37343131323135313132613831653933303066393465323262353039383266363739663862323238
32613933363737313730633538326165363532636232623263336232383761616461323333343461
39343262656336636361386536656464336635373531636665303864636236376665343262363432
35323439353938346236313062323332306138663065336536393134623963653162633261623362
38336362353330616236363665353163623163303532316435663261303030363465633435666536
36363665633331303131386261646338616530633865366164613532626162306433313261366437
31306633313732363734653865646632643832616661313962393834313364303631306339653763
61633639323039616265653833313733613333396463366238633661313938653937333231643339
35383037363762333362643065353939623238353465353531346465613764336430653634303163
31626334303930363330343565386333326362303939356265636237383666643261666565653437
61316161343332316261623230323136343231356564396238626666363661613864656663663731
64363032376562346564383036306637396565646438316334346439386130656266366437316561
38393338313863656664663461623034326633306132373736623337663637326563313036343737
32353638313236623963653931626664383834353535616635316264386163313565393363336665
38666238623064363137323663393033363465656663353136623964613937353466316135663062
3330
