$ANSIBLE_VAULT;1.1;AES256
39613933626162613462313531386638313732303362343437613837333063333938656263656237
3035326130346164663936643337323630623631303830330a346135363536393036393831326162
62303162326531303037323835323730666333396630363065333833383538383331393266393634
6336376561363538370a393963653538376361653235626666663262353231633833633031656364
63653538336232373165663539646663633066666237666439653132623562343936366666356133
39633265353464363430393264393633343732663661633737333632396662393732626232313037
65363165386461653866663163626130343561326336636334643231653535653966343332646436
62356433346564393132313832666665396434653335633636633564303335383163373538343831
66383436313164343737353230623339393735313132323764376261393361356639666665326439
37303765653333313266633136306334383231623662643935643630646438613963303731373036
66326238393338636135626239376364663931306337656665633135383839613066316436356534
30363630363661313963333839353334646132653962386239653331636133616230613635383638
39643866303939316465356266623430393066383430666636306235626533653437646133386265
65646636353061303265373763336666626438633264363937663137306233383465636630393563
37636335313965353535383334613435653966333230323630356136653631353364303634353438
38343836646366323936386232616165633638613436366665323265376364386633346363646139
37336165396561366439303463383038643262353362393535656565663134376638343539336431
37376263616563626361353063313830363335326133643663656633356337623061363932626332
35373333346433393066376437336437343934666337376235626161393364376261656166366231
33316661353231633336623365396634653135616363303033326239626536303437653761356165
30653532346335653632363839393063653835623036386462646230373861666635326666386463
65633738383735346535396633613332326564666230643731623035306437613539383631666238
62613630393062646463366232393739383061323030306339346663303837653563323036626562
34383235343430363461616535323365393162616337623132333536613538376266646230643935
31323234623930613232626638613236643337613830616464326337383936363039373463666161
37333962373730653837343730343933306164356265666539666363636162356664653262363738
36333539663262646362306331306563373631323635353430616562643633316461373336336133
33616634666132396364396337306634643435326238646431333534393032636632613236333366
34313134623633353364363961303034386363313332336535366435353636346639346539323734
63353164303334383166613637643965636261306231653238366465333664643838363831623533
32616565646466356136343430316464623430323933326362656338376636363830623638613433
37643038343834663435356564643365386364646430656638653164646635643237663936623638
65373761386136366430396564613432333632333661366538653336313165623936393833306135
31353434383638346338653630636530653535343734356463313631373635383832393733313932
66643638373536653664613963646439613630366139616532353763333966376534303236653964
36386632616135316432616634316661643834363534633463653032306462363961623163393036
65346362396439663866643564343937613531636334623737386231656264326233396238646630
39366438346434663737613833666633303934323534636631353664323264386238363238623063
64633962613631653231643863323166663131643034323639633632346666313764313865303934
61326261313164356136613033303634663230303837666532333031393561626134653336353930
37353731393466363064333965373833626536306664626432326363376632323737323434323462
36303161353931316138636465613633646539626437343734613766666364663964333535333262
62393662356337653238386638636566656265333833656633326365663065346630313562386535
36653535613930383163396233633533396632386338653561306261306262363664373930613366
63663130623862323339353135616233393063343364663631353662376536393635626665663239
62633764353664333631623430356134623665646530373537653831323666613137323633666665
62386634643233313131373739396533376330393864653034613865313038656562343531653962
61376135363636393431313830656531316438613061303936386630346232316432313831653662
30653638363864653334323237613139363430363435303939343137373337393532313935633138
37623732323630326565346665363431313130383262383235323930393461383663643961303134
35386261656430633336663432323835633461316162303236313137356231366133613362383362
38323264323463666439643633356235353736336135633762663766343335383764386135663030
37616161663262363835623639393261346662303934356265393063373633383237316230376463
64376138313464343334626332623936653932663363613231313934623736313933393339316232
35383532633065666566383861666331373430653839303762643539363639636436366363653038
31396561653938666634636232333930626430396566656663393033383634373632613164336538
38613364666531646161323433353438623665656265333333633132396461346165613562323632
64653530386332306138383866353266396337383339343833616461313539636538663630613639
62643135326463363964303530643836326363613362616561303830653163376530306462383966
31646461646534326334393366333535623061333964616233316362343066356331666134663436
35663832653566393730363162386263323836303435323361316636646462636231373564643761
33653533616532633765623665643165613632356266626261646261636630306134323964346433
34306434333631363139393165623139656637666538376336333136363966656138623832316264
31316435346336343862653165373535333639656561643130343437366336616635353937373630
63643733646235326561323065656461363366343164343865363662656134373564336430373766
33323731393261616263313762633862383434323266323661313261633735666564306535653139
32646137633433363065623238656430373365303636383334623137336338333631366363653161
38356533343361613563333434316330363738366435363936633432633830613433356130656336
64383538306538326334363632353033623739616163356436643839326566353861333961626536
32323133393837376431353962346230326432323033316266653833313833313836343832336366
65336639663531646363363362623232316236356432336537363362336438326335653431316539
39653861353638643063373133623634376662393833356161633962663661643836373961666630
64636439613863636262623265663730663564376437376235663331386366313432303462306136
39396531666162376665653033396165653737653038356661383836306139313036663738363136
31396338613031336438313134373464626261343330373331653963643930663461663431633661
34303531636234616434656466663939363066346364383862626335656466303535383237653530
33346165373662643661636630306339306136353933313430346239356565383830336637353232
30636264653033643133376338303736383634343465373365653537373664373564356232663461
32653933346434663065333433343865633236333637643738356438623464656233313534303132
34336363613162376331636238336137303761633662333765393161323631326239376161663064
31303430363562616432376664363165383562353436356465393936616662616338626430323466
35616230343038613362323730343838336239366435383934353337313739316334623566316661
34636132623035623763376366386534333661386133393931363239663939663632656261356362
64363865373236336336343138643739333639356533363862313634623662366637663433313036
38303964653634363462643537366630323530343937383134336538303864383164386663373032
35343666666430333862333534316134643865613638333063383232616433613432623133326664
63626534346165376365623934353065313737313735353130636331356236323831363136356634
33316431366136666662383431316335383238623332643237623832363836663161636265396335
33646335356266373163363663613331313762356633363034336261656137303762396531666234
66316437663035323263353538323335663030646462663235656539643132393236353761373332
64396331303933613666663433613038623534656335313235366433383963316664623134336661
65646161393362643634316163313161626264326365316537313839643664653764343932363037
61333261626563363437363866346238363633353435393663303532363330613236386237303237
38386331656638393530636230353035613937633931316437663363393235333131343938323332
66303638633666313261383532623632626531373830353133613630366333313165643861393066
64363137343230663035666161336261353330386330363230393565353665306331643163326461
38663130323630323839356637383065333632393430343736623661336138383966643964316432
37623938326662336530663036633233626361323136376533663266343837313061363230386463
61393032373065396335303237616330353338343965343539633065356566303161393031643035
35646336336462363966333436366664653930666534643030616538666165633532356465373236
31383566613134343333623263303135613665373236386239316166616536383730636230386634
63353035626231343038383539393165623161316462373939633530633262653932373661653865
36623634336235386331336632383733333534333431313961323437333837313032653966646233
36313164343566336331653731363735623765376238653331323265363237633738376131633237
38363234336462356636626136366164343966623430366432326161643661643036306539353639
38346138313163633962333539616133373937373539353830363963373235323166373231323031
66303562303334303633356236396238363963303531646366383339616137633734633937646261
34633066333965356238376636303539666534653762343063333837393165303565363963616265
33376664376364616664313330343035613965613737353235633863666562313034666134303037
64643163613231653036636431653434646266356266393436363562386138666632626331326561
61346438643837306538376264333362323435626666386161316631656661303665623632356562
35393436326464623861396165653932636536643136396662383361313638643462393130363138
61336266663439643135663230343234313138363434366630643864353264623233646339636632
35323462663461636239316632316462343765383264653936326437363463333765376439653265
36643934356339363437306639636336343135336634623433343431313335636661353839326561
62616264613061303036653939386538643765343762643832653538366137353731356432393764
64396564356230623331366336616532323136306636653764386662393334343935633862666666
32646664376261363263653466383863353836353465653464386331353837353162323132383130
35306633633062643939353634383738313334363636303230336162306161373330376630643362
63643631326535363466393865353062363562613232613461666532363530343934306235373737
36626137386631363530363539373135306538666638613463393830333565363735316639393931
30643633333561613066636564663139333532613763353932316563366633313332663333393437
35323139343034303366306131656264623732336630643362383438376365363361336564643530
32353637353666376137623136623939303232393834623266316638333161656231656266653761
65386233326463653931613763303831646337613033323235363330313637383038313961303863
31353762306363336161346666656362636565343235386132633531666535306365376433656139
38663337643432653036633761323162326236623932616534313535376463303236396362333261
61353734323164613330353332613039373533643734333633383163666136313038653937396364
38373236353362376334393166643563383933646564356537313161303536616661356434373965
30616338383539613866383964386239313830656435376564626531663435393139633934313630
31393132343636373065333232323666333036386562646136313661333039376365633432633961
33646263363333626564636131316664316430366335663331343161626534366232313165613239
62303335376364373635313762353465303730306465346235383531643733633264616265343031
3935646165386633306437633735623432353838346633353932
